New York--Jersey City--Newark, NY--NJ 19,426,449 504 730 2,558 4,605 3,588 246 30,518 42,749 58,280 61,079 57,855 41,867 14,972 1,048 46,750 281,852
Los Angeles--Long Beach--Anaheim, CA 12,237,376 325 284 2,352 2,718 2,670 9 16,094 24,451 61,314 47,019 67,578 38,192 11,289 41 8,703 234,137
Chicago, IL--IN 8,671,746 466 43 1,632 2,340 2,581 912 21,713 29,687 53,759 1,904 38,431 29,214 16,307 2,295 25,877 167,787
Miami--Fort Lauderdale, FL 6,077,522 132 211 728 953 1,187 528 10,956 14,695 25,990 24,505 30,704 24,134 13,659 4,257 22,797 146,045
Houston, TX 5,853,575 231 357 889 1,775 2,473 32 15,578 21,333 39,793 28,899 21,744 26,380 18,847 95 8,160 143,918
Dallas--Fort Worth--Arlington, TX 5,732,354 333 364 1,073 1,582 3,398 144 16,573 23,465 45,404 38,654 24,110 22,261 19,885 384 6,689 157,387
Philadelphia, PA--NJ--DE--MD 5,696,125 297 253 1,430 1,847 2,229 174 16,086 22,315 26,964 14,091 28,749 16,394 9,776 420 12,424 108,819
Washington--Arlington, DC--VA--MD 5,174,759 199 200 667 1,173 1,181 404 9,816 13,639 32,463 12,365 21,974 18,566 8,458 1,422 9,122 104,369
Atlanta, GA 5,100,112 334 86 781 2,120 1,454 226 19,861 24,862 48,390 8,007 22,096 30,578 10,014 699 30,640 150,424
Boston, MA--NH 4,382,009 260 165 1,128 2,065 1,815 1 11,510 16,943 30,070 11,432 21,417 18,696 7,918 1 13,036 102,571
Phoenix--Mesa--Scottsdale, AZ 3,976,313 68 223 365 1,517 1,240 1,286 11,264 15,962 11,925 26,760 11,749 31,013 7,048 2,375 2,171 93,040
Detroit, MI 3,776,890 236 79 1,107 1,497 1,180 10 11,188 15,296 24,887 5,972 25,659 17,140 4,684 14 10,150 88,507
Seattle--Tacoma, WA 3,544,011 128 148 760 1,157 1,180 25 7,510 10,908 20,567 9,392 15,038 9,955 4,338 70 7,336 66,696
San Francisco--Oakland, CA 3,515,933 143 103 454 801 829 4 4,829 7,164 22,132 13,667 8,542 8,474 3,784 21 2,759 59,379
San Diego, CA 3,070,300 155 129 322 717 936 17 4,898 7,174 27,264 12,585 7,398 11,189 7,065 55 1,822 67,377
Minneapolis--St. Paul, MN 2,914,866 222 173 200 1,681 1,261 1,049 9,746 14,333 21,620 11,122 5,721 17,891 5,438 1,655 6,902 70,349
Tampa--St. Petersburg, FL 2,783,045 124 62 477 566 815 365 7,966 10,376 17,089 3,321 20,734 12,209 7,634 2,512 16,630 80,129
Denver--Aurora, CO 2,686,147 115 168 489 638 723 2 7,145 9,280 15,663 10,425 13,504 7,846 4,020 6 5,718 57,182
Riverside--San Bernardino, CA 2,276,703 126 88 289 766 880 19 4,692 6,862 19,437 14,200 6,210 9,844 4,859 101 4,465 59,116
Baltimore, MD 2,212,038 167 126 343 675 660 187 4,878 7,035 19,566 8,187 8,140 8,606 3,716 743 4,135 53,093
Las Vegas--Henderson--Paradise, NV 2,196,623 87 23 166 536 3 586 4,437 5,839 10,913 2,089 5,794 11,416 13 4,660 12,304 47,188
St. Louis, MO--IL 2,156,323 284 114 533 759 1,057 468 7,947 11,162 25,721 4,426 9,337 7,493 4,766 902 13,375 66,020
Portland, OR--WA 2,104,238 98 64 326 629 851 227 5,365 7,558 10,772 3,907 7,336 6,969 4,576 627 3,331 37,518
San Antonio, TX 1,992,689 165 76 200 810 974 15 5,815 8,056 18,901 7,059 5,449 10,237 5,795 21 2,538 50,000
Sacramento, CA 1,946,618 63 73 396 401 661 36 4,502 6,131 8,718 8,307 10,042 4,825 3,326 100 1,346 36,664
Orlando, FL 1,853,896 44 154 327 296 672 223 4,804 6,520 8,042 12,190 12,302 6,696 7,377 1,389 9,980 57,976
San Juan, PR 1,844,410 95 44 220 432 500 10 6,299 7,600 7,321 2,150 5,295 4,018 2,514 32 2,002 23,331
San Jose, CA 1,837,446 44 76 318 389 396 11 2,948 4,182 6,615 9,614 6,728 4,329 2,034 25 1,357 30,701
Austin, TX 1,809,888 57 149 215 422 1,001 115 5,496 7,455 7,838 11,212 7,936 7,573 8,016 352 1,987 44,914
Pittsburgh, PA 1,745,039 185 91 504 850 911 8 6,855 9,403 8,467 2,486 8,752 5,701 3,173 7 3,458 32,045
Cleveland, OH 1,712,178 208 53 353 665 629 12 5,329 7,250 16,115 2,420 6,003 6,784 3,671 33 5,511 40,538
Indianapolis, IN 1,699,881 176 30 425 758 780 156 5,635 7,960 16,461 1,219 9,842 9,300 4,491 769 16,642 58,724
Cincinnati, OH--KY 1,686,744 169 39 325 587 680 61 5,276 7,136 17,218 1,555 6,049 7,185 4,431 244 7,043 43,724
Kansas City, MO--KS 1,674,218 237 168 173 942 851 169 6,898 9,437 17,423 6,209 2,799 9,410 3,395 489 8,355 48,079
Columbus, OH 1,567,254 135 52 318 565 534 173 4,371 6,148 13,716 3,354 6,704 6,382 3,186 522 4,796 38,660
Virginia Beach--Norfolk, VA 1,451,578 110 28 286 384 525 61 4,207 5,601 10,854 1,396 7,676 5,596 2,453 125 5,567 33,667
Charlotte, NC--SC 1,379,873 114 8 212 314 289 71 4,612 5,619 12,786 655 6,612 5,963 3,260 642 17,147 47,066
Milwaukee, WI 1,306,795 102 32 531 703 433 - 3,709 5,511 10,722 968 9,397 5,711 1,321 - 3,017 31,136
Providence, RI--MA 1,285,806 98 92 408 571 712 43 4,733 6,655 8,833 3,716 5,493 4,865 2,196 56 2,624 27,783
Jacksonville, FL 1,247,374 120 70 173 301 451 28 4,451 5,594 12,803 3,490 5,401 5,648 4,004 217 8,979 40,540
Salt Lake City, UT 1,178,533 75 8 249 215 330 86 2,950 3,914 9,993 720 7,123 3,306 2,456 169 4,424 28,191
Nashville-Davidson, TN 1,158,642 190 72 454 457 730 86 6,011 8,002 19,297 3,479 9,893 5,651 4,749 283 3,634 46,987
Raleigh, NC 1,106,646 75 40 137 327 300 3 3,758 4,641 8,520 2,058 4,743 5,704 2,913 22 13,611 37,570
Richmond, VA 1,059,150 148 75 250 538 510 76 3,990 5,585 11,592 3,625 6,248 4,987 1,991 216 3,649 32,309
Memphis, TN--MS--AR 1,056,190 103 41 299 620 485 56 3,869 5,472 8,526 1,926 6,564 6,620 1,876 90 1,905 27,507
Mission Viejo--Lake Forest--Laguna Niguel, CA 646,843 29 21 153 144 107 - 992 1,445 4,927 650 3,978 1,464 115 - 643 11,777
Concord--Walnut Creek, CA 538,583 26 20 99 142 178 - 1,313 1,778 3,650 2,676 1,769 1,346 939 - 678 11,057
Temecula--Murrieta--Menifee, CA 528,991 42 - 35 105 174 - 1,418 1,773 5,458 - 931 1,644 1,482 - 1,047 10,561
Oxnard--San Buenaventura (Ventura), CA 376,117 - 32 118 73 115 - 706 1,045 - 2,653 2,445 725 579 - 623 7,026
Palmdale--Lancaster, CA 359,559 - 13 95 264 154 1 916 1,444 - 975 1,467 1,883 354 1 178 4,857
Victorville--Hesperia--Apple Valley, CA 355,816 17 - 56 297 263 2 1,356 1,991 1,706 - 1,304 2,405 916 2 1,113 7,445
Antioch, CA 326,205 - 21 49 58 73 - 713 914 - 2,561 749 587 415 - 330 4,642
Santa Rosa, CA 297,329 - 32 34 103 136 0 734 1,039 - 2,552 884 1,333 673 1 272 5,713
Santa Clarita, CA 278,031 14 10 41 36 59 - 500 660 1,972 1,285 1,332 788 463 - 137 5,977
Livermore--Pleasanton--Dublin, CA 240,381 25 - 44 81 79 10 531 770 3,617 - 881 947 554 18 216 6,232
Thousand Oaks, CA 213,986 - 27 53 88 67 1 538 775 - 3,249 876 964 228 1 394 5,712
Vallejo, CA 175,132 18 5 51 62 66 1 342 546 2,499 241 742 543 348 3 158 4,534
Fairfield, CA 150,122 18 3 30 42 53 - 312 458 3,072 135 499 383 242 - 126 4,457
Simi Valley, CA 127,364 - 11 11 51 24 - 271 368 - 1,068 264 637 71 - 196 2,236
Gilroy--Morgan Hill, CA 114,833 - 16 20 42 60 4 226 368 - 1,858 326 396 244 6 182 3,012
Vacaville, CA 101,027 13 - 22 17 42 - 233 327 2,098 - 427 156 144 - 168 2,993
Napa, CA 84,619 - 10 19 18 43 0 195 285 - 568 321 136 152 0 77 1,254
Camarillo, CA 76,338 - 9 19 36 24 - 177 264 - 1,103 322 304 53 - 131 1,913
Petaluma, CA 65,227 - 7 9 15 39 1 170 240 - 633 150 163 179 2 100 1,227
