New York--Newark, NY--NJ--CT 18,351,295 511 732 2,677 4,803 3,819 251 31,455 44,249 57,893 62,788 60,578 43,495 15,712 1,061 47,251 288,778
Los Angeles--Long Beach--Anaheim, CA 12,150,996 338 307 2,443 2,783 2,742 20 16,301 24,934 73,522 49,530 60,576 37,900 13,750 67 9,871 245,216
Chicago, IL--I 8,608,208 465 44 1,663 2,363 2,638 936 21,961 30,071 52,727 1,920 38,504 28,675 16,139 2,061 26,416 166,441
Miami, FL 5,502,379 131 210 727 941 1,145 336 12,198 15,688 25,967 23,433 30,264 23,560 13,037 2,980 23,420 142,662
Philadelphia, PA--NJ--DE--MD 5,441,567 282 242 1,392 1,799 2,096 71 15,314 21,196 26,022 13,746 29,084 16,745 9,840 208 13,130 108,775
Dallas--Fort Worth--Arlington, TX 5,121,892 333 363 1,050 1,573 3,397 144 17,244 24,104 45,240 39,464 22,973 21,208 18,802 325 6,557 154,569
Houston, TX 4,944,332 230 356 889 1,774 2,453 35 15,049 20,786 39,221 28,151 21,560 26,386 18,996 115 7,747 142,176
Washington, DC--VA--MD 4,586,770 202 204 681 1,172 1,200 403 9,688 13,550 32,174 12,012 22,571 18,580 8,672 1,466 9,358 104,833
Atlanta, GA 4,515,419 346 89 784 2,163 1,470 223 20,313 25,388 48,929 7,995 22,261 30,957 10,351 718 38,449 159,660
Boston, MA--NH--RI 4,181,019 283 169 1,160 2,156 1,857 - 12,020 17,645 30,399 11,409 22,195 19,293 7,929 - 13,619 104,844
Detroit, MI 3,734,090 240 84 1,121 1,508 1,196 14 11,252 15,414 24,656 6,095 26,118 17,204 4,854 23 11,075 90,024
Phoenix--Mesa, AZ 3,629,114 69 227 376 1,599 1,291 1,361 11,171 16,095 11,969 26,705 12,115 32,658 9,257 3,354 9,306 105,364
San Francisco--Oakland, CA 3,281,212 147 103 461 841 877 3 4,929 7,361 21,721 13,481 8,707 7,201 3,815 15 2,600 57,540
Seattle, WA 3,059,393 128 148 759 1,154 1,181 22 7,453 10,845 20,387 9,178 14,771 9,927 4,331 66 7,250 65,910
San Diego, CA 2,956,746 163 125 317 752 985 11 4,922 7,274 28,740 12,055 6,450 10,985 6,889 23 2,486 67,629
Minneapolis--St. Paul, MN--WI 2,650,890 217 162 203 1,666 1,289 1,039 9,804 14,380 20,844 10,441 5,982 17,095 5,312 1,580 6,921 68,174
Tampa--St. Petersburg, FL 2,441,770 129 46 477 572 740 232 8,359 10,554 16,860 2,558 20,401 12,089 6,818 1,673 16,109 76,507
Denver--Aurora, CO 2,374,203 126 162 500 661 738 1 7,385 9,573 17,491 10,074 13,892 8,086 4,052 6 5,956 59,557
Baltimore, MD 2,203,663 152 161 379 680 679 183 5,259 7,493 19,054 10,423 9,007 8,761 3,957 734 4,133 56,069
St. Louis, MO--IL 2,150,706 284 114 528 759 1,057 463 7,909 11,114 25,430 4,377 9,391 7,467 4,783 877 12,668 64,994
San Juan, PR 2,148,346 94 44 225 471 554 12 6,672 8,073 7,398 2,250 5,522 4,335 2,748 41 1,447 23,741
Riverside--San Bernardino, CA 1,932,666 116 71 195 707 807 4 4,267 6,169 17,170 11,327 3,948 8,740 4,334 54 2,526 48,098
Las Vegas--Henderson, NV 1,886,011 70 39 166 536 3 585 4,396 5,796 8,456 4,260 5,623 11,332 13 4,629 11,295 45,606
Portland, OR--WA 1,849,898 98 63 329 632 890 169 5,282 7,463 10,666 3,797 7,543 6,913 4,498 377 3,305 37,099
Cleveland, OH 1,780,673 208 52 371 685 665 8 5,530 7,519 15,994 2,366 6,094 6,874 3,881 20 5,977 41,206
San Antonio, TX 1,758,210 165 76 227 837 1,057 40 5,969 8,371 19,028 6,908 6,041 10,514 6,219 84 2,626 51,420
Pittsburgh, PA 1,733,853 220 95 521 937 1,033 - 7,165 9,972 9,403 2,731 9,688 6,786 3,735 - 3,910 36,252
Sacramento, CA 1,723,634 63 73 381 391 651 32 4,317 5,909 8,525 7,935 9,086 4,705 3,348 84 2,264 35,948
San Jose, CA 1,664,496 40 80 323 360 378 10 2,682 3,874 6,170 10,015 7,224 3,777 1,717 20 1,318 30,240
Cincinnati, OH--KY--I 1,624,827 175 39 330 601 715 53 5,420 7,333 17,260 1,544 6,229 7,344 4,638 214 6,376 43,604
Kansas City, MO--KS 1,519,417 236 167 172 969 827 67 6,961 9,400 18,093 6,121 2,907 9,511 3,221 173 8,083 48,110
Orlando, FL 1,510,516 41 167 271 344 618 186 4,976 6,602 7,401 12,712 10,189 8,425 7,076 1,326 9,489 56,618
Indianapolis, I 1,487,483 164 25 432 734 798 149 5,414 7,716 15,550 1,143 9,616 8,250 3,814 534 16,166 55,072
Virginia Beach, VA 1,439,666 110 44 339 411 531 93 5,582 7,110 10,963 2,148 8,629 5,752 2,309 126 6,947 36,875
Milwaukee, WI 1,376,476 121 46 684 801 625 - 4,385 6,660 11,348 1,098 10,477 5,830 1,532 - 3,285 33,569
Columbus, OH 1,368,035 131 47 303 551 491 155 4,248 5,927 13,291 3,006 6,395 6,203 2,915 501 3,978 36,289
Austin, TX 1,362,416 57 149 215 421 1,005 115 5,008 6,970 7,865 10,979 8,020 7,362 7,895 341 1,840 44,302
Charlotte, NC--SC 1,249,442 114 8 212 315 290 67 4,708 5,714 12,395 584 6,625 5,751 3,062 545 13,116 42,077
Providence, RI--MA 1,190,956 87 92 385 540 674 33 4,481 6,293 7,688 3,704 5,114 4,547 2,079 45 2,403 25,580
Jacksonville, FL 1,065,219 113 69 177 249 485 29 4,844 5,965 11,846 3,377 5,362 4,409 4,626 475 9,001 39,095
Memphis, TN--MS--AR 1,060,061 103 42 287 616 486 16 3,913 5,463 8,760 1,990 5,552 6,082 1,804 20 4,557 28,764
Salt Lake City--West Valley City, UT 1,021,243 69 8 254 217 328 83 2,930 3,889 9,104 711 7,183 3,220 2,380 162 4,255 27,015
Mission Viejo--Lake Forest--San Clemente, CA 583,681 23 17 137 131 104 - 958 1,369 3,587 450 3,629 2,277 585 - 925 11,453
Santa Clarita, CA 258,653 14 10 41 35 57 - 475 632 1,967 1,285 1,233 734 419 - 223 5,860
Thousand Oaks, CA 214,811 - 28 53 87 67 1 498 734 - 3,223 828 938 349 0 311 5,649
Simi Valley, CA 125,206 - 11 8 51 24 - 270 365 - 1,068 216 741 78 - 146 2,249
Oxnard, CA 367,260 - 24 112 73 117 - 682 1,007 - 2,045 2,063 625 624 - 289 5,647
Camarillo, CA 71,772 - 9 19 36 24 - 177 263 - 1,103 335 354 68 - 95 1,955
Lancaster--Palmdale, CA 341,219 - 13 95 265 156 1 916 1,445 - 975 1,421 2,202 540 1 436 5,575
Murrieta--Temecula--Menifee, CA 441,546 42 - 25 105 168 - 1,337 1,676 5,387 - 793 1,439 1,237 - 708 9,565
Victorville--Hesperia, CA 328,454 16 - 56 299 267 2 1,413 2,054 1,582 - 1,333 1,958 737 2 798 6,410
Concord, CA 615,968 42 21 123 197 214 9 1,486 2,093 6,661 2,603 2,346 1,966 1,280 12 730 15,597
Antioch, CA 277,634 - 21 48 58 73 - 703 903 - 2,538 743 429 322 - 308 4,340
Livermore, CA 81,624 7 - 15 37 43 - 236 338 1,435 - 345 360 181 - 105 2,426
Vallejo, CA 165,074 18 5 49 61 64 1 316 515 1,605 290 661 380 161 0 152 3,249
Fairfield, CA 133,683 18 3 29 42 52 - 264 409 2,735 129 494 259 195 - 169 3,981
Vacaville, CA 93,141 13 - 22 17 42 - 231 324 1,566 - 416 125 151 - 126 2,384
Napa, CA 83,913 - 10 21 21 43 - 199 293 - 454 421 120 163 - 33 1,191
Santa Rosa, CA 308,231 - 33 39 110 155 0 726 1,062 - 2,531 961 1,253 853 1 399 5,998
Petaluma, CA 64,078 - 7 8 15 37 0 163 230 - 620 130 217 240 1 83 1,292
Gilroy--Morgan Hill, CA 98,413 - 16 19 41 59 4 222 361 - 1,820 319 287 223 6 131 2,786
